2 1
4 1
3 2
3 1

> guvenli

----
987 4
105 2
600 403
749 379

> guvensiz

----
389 456
234 1460
749 379
549 490

> guvenli

----
984758 54273
54627 42384
7234 90589
549 1890

> guvensiz

----
28347 82384
27834 12838
7234 41283
20000 45000

> guvenli

----
1000000 1000000
1 1
500000 500000
500000 300000

> guvensiz

----
1 1
2 4
3 3
2 2

> guvenli

----
234938 482398
92349 324349
14 19
2 2

> guvensiz

----
999999 999999
999990 999995
999998 999997
999996 999997

> guvenli

----
1238 3482
4832 4328
9182 2394
5000 3600

> guvenli
